dem/goms.asc
ncols        451
nrows        442
xllcorner    8.111614536292
yllcorner    46.383528190925
dx           0.000526007856
dy           0.000356183462
NODATA_value  -3.4028230607370965251e+38
[rows 160 to 179 of 442, columns 90 to 134 of 451]
2923.85302734375 2961.25634765625 3001.525634765625 3056.685302734375 3099.930419921875 3062.4853515625 3030.084228515625 3000.407958984375 2986.080078125 2975.937255859375 2962.419677734375 2951.675537109375 2949.87890625 2949.078369140625 2952.984375 2943.774658203125 2928.549560546875 2919.69775390625 2904.179931640625 2895.441162109375 2884.5712890625 2865.4150390625 2855.2900390625 2835.886474609375 2829.7724609375 2823.9560546875 2812.710693359375 2809.0029296875 2794.6416015625 2773.2109375 2751.31298828125 2720.66650390625 2694.020751953125 2668.803955078125 2647.932373046875 2621.352783203125 2590.0205078125 2568.709228515625 2536.6787109375 2503.824462890625 2472.94677734375 2432.63037109375 2401.82177734375 2363.63525390625 2336.0908203125
2925.355712890625 2966.60595703125 3004.794921875 3054.689208984375 3080.56591796875 3069.4814453125 3033.836669921875 3002.7490234375 2983.33935546875 2976.06005859375 2961.751953125 2949.277587890625 2938.975341796875 2930.71142578125 2931.764892578125 2920.31103515625 2918.835205078125 2918.12255859375 2901.27783203125 2885.965087890625 2881.57421875 2869.885986328125 2853.48828125 2832.548828125 2825.65625 2821.8388671875 2814.26806640625 2799.654052734375 2788.559326171875 2768.72119140625 2736.345947265625 2723.181884765625 2698.932373046875 2675.980224609375 2648.457763671875 2618.22216796875 2585.83935546875 2563.534912109375 2529.39306640625 2501.64990234375 2480.47119140625 2439.280029296875 2395.65966796875 2365.183837890625 2336.53662109375
2922.1533203125 2954.76416015625 2992.736083984375 3043.01123046875 3070.388427734375 3077.731689453125 3030.159912109375 3005.701416015625 2980.49072265625 2973.053466796875 2959.630859375 2938.424072265625 2930.8671875 2919.05517578125 2918.13330078125 2908.927734375 2906.617919921875 2903.58203125 2895.688232421875 2880.259033203125 2878.22314453125 2864.043701171875 2852.17822265625 2841.79541015625 2827.308837890625 2813.138427734375 2806.2734375 2790.134521484375 2777.101806640625 2757.605224609375 2732.8984375 2719.114013671875 2693.371337890625 2675.380126953125 2649.85009765625 2624.082763671875 2591.474609375 2575.82080078125 2540.354248046875 2515.767578125 2492.245849609375 2447.2607421875 2403.818603515625 2368.844482421875 2342.114013671875
2935.908935546875 2976.9599609375 3015.566162109375 3037.1845703125 3054.20068359375 3077.568603515625 3037.268310546875 3012.017333984375 2977.235595703125 2967.224853515625 2957.150390625 2937.4541015625 2922.568115234375 2907.80322265625 2901.1845703125 2893.65625 2887.279052734375 2884.184326171875 2876.12109375 2868.10986328125 2864.607421875 2863.19091796875 2850.8056640625 2832.40673828125 2825.89697265625 2809.237060546875 2796.65625 2782.265869140625 2769.446533203125 2756.957275390625 2727.5146484375 2706.570068359375 2687.36279296875 2669.91552734375 2649.48828125 2624.516845703125 2585.79296875 2568.66552734375 2529.441162109375 2504.4560546875 2479.871337890625 2453.7021484375 2410.95458984375 2370.85009765625 2343.00048828125
2924.691650390625 2962.183837890625 2988.019775390625 3012.377197265625 3036.0634765625 3066.993408203125 3056.735107421875 3028.825927734375 2989.932861328125 2973.839111328125 2954.563720703125 2934.001708984375 2925.626708984375 2912.177001953125 2902.118408203125 2891.590087890625 2881.010009765625 2874.326904296875 2858.2861328125 2860.60302734375 2863.087890625 2856.911865234375 2838.666748046875 2821.41259765625 2812.488525390625 2807.16845703125 2793.46240234375 2779.73095703125 2769.679443359375 2746.32080078125 2725.77880859375 2710.7080078125 2678.40869140625 2665.15625 2642.153076171875 2615.98291015625 2584.48828125 2573.91650390625 2545.753662109375 2520.054931640625 2491.15478515625 2445.498779296875 2416.3095703125 2379.890869140625 2354.345458984375
2900.808349609375 2929.13330078125 2967.7451171875 3011.10205078125 3031.1015625 3068.258544921875 3068.891357421875 3035.09228515625 2999.99951171875 2981.2021484375 2961.406982421875 2935.081787109375 2926.886962890625 2919.78857421875 2911.889404296875 2897.763916015625 2876.424072265625 2863.671630859375 2840.7373046875 2831.9775390625 2827.455078125 2832.8828125 2827.6962890625 2810.790771484375 2798.1376953125 2787.433349609375 2792.292236328125 2776.692138671875 2763.22021484375 2735.29833984375 2711.77099609375 2695.326171875 2668.273193359375 2649.21337890625 2638.99169921875 2622.88525390625 2595.67138671875 2564.071533203125 2541.625244140625 2514.41650390625 2492.27587890625 2458.2939453125 2438.370361328125 2397.364013671875 2354.8701171875
2902.885986328125 2954.293212890625 2975.319580078125 3014.553466796875 3041.85546875 3071.283935546875 3073.7705078125 3044.32861328125 3010.94970703125 2984.123291015625 2970.700439453125 2961.94140625 2956.22265625 2940.544189453125 2931.212890625 2905.9208984375 2880.408203125 2855.972900390625 2843.786865234375 2824.477783203125 2811.072509765625 2814.42919921875 2813.489501953125 2805.395751953125 2797.657470703125 2784.37255859375 2777.202880859375 2756.5771484375 2749.569091796875 2741.5478515625 2715.54248046875 2700.050537109375 2666.286376953125 2645.768798828125 2633.124267578125 2618.755859375 2581.875 2555.11572265625 2536.18115234375 2510.215087890625 2491.0615234375 2461.477294921875 2436.250732421875 2411.689453125 2359.748291015625
2918.568603515625 2960.19189453125 2984.033935546875 3016.176025390625 3044.55908203125 3086.81494140625 3073.4970703125 3050.87255859375 3013.980224609375 2987.384765625 2971.4951171875 2964.031982421875 2957.87060546875 2943.640869140625 2926.3310546875 2912.88232421875 2876.908447265625 2849.775390625 2833.30810546875 2819.056396484375 2807.105224609375 2793.058837890625 2786.69384765625 2780.845947265625 2779.270263671875 2772.389404296875 2763.017578125 2743.84326171875 2737.73974609375 2731.97314453125 2710.8583984375 2697.83154296875 2667.269775390625 2641.094482421875 2625.98681640625 2603.869384765625 2576.41845703125 2557.31005859375 2540.432861328125 2514.389404296875 2490.677978515625 2459.9130859375 2431.4931640625 2393.973876953125 2360.489501953125
2924.640625 2964.74072265625 2991.160888671875 3033.590087890625 3060.414794921875 3084.35986328125 3057.140380859375 3037.550537109375 2998.6005859375 2974.778076171875 2964.896728515625 2961.69921875 2951.847900390625 2929.476806640625 2919.0615234375 2905.270751953125 2890.892822265625 2870.87939453125 2830.28076171875 2810.570068359375 2799.849365234375 2782.394775390625 2776.13916015625 2763.044189453125 2759.3271484375 2755.75634765625 2746.232666015625 2728.121337890625 2718.25634765625 2708.60888671875 2698.28076171875 2688.82421875 2665.360595703125 2643.961669921875 2631.62255859375 2607.32177734375 2575.180419921875 2552.864501953125 2536.327880859375 2516.667236328125 2499.26318359375 2469.093017578125 2438.845947265625 2416.29052734375 2380.74365234375
2929.356689453125 2966.896728515625 2986.257568359375 3023.9482421875 3044.4619140625 3069.2021484375 3041.976806640625 3021.15478515625 2990.260986328125 2964.910888671875 2952.352294921875 2944.20068359375 2939.157958984375 2924.093505859375 2909.14306640625 2896.909912109375 2894.791259765625 2861.573974609375 2827.486572265625 2805.245361328125 2790.018798828125 2779.7509765625 2763.491943359375 2752.148681640625 2738.35888671875 2727.376953125 2723.507080078125 2715.549072265625 2699.124755859375 2692.2099609375 2688.961669921875 2682.1435546875 2663.218505859375 2648.34375 2634.857421875 2603.3388671875 2578.41552734375 2558.244873046875 2540.502197265625 2515.2412109375 2491.298828125 2477.393798828125 2444.92431640625 2422.905517578125 2388.91552734375
2933.594482421875 2957.566162109375 2975.4345703125 3014.762939453125 3032.33154296875 3048.6005859375 3026.31787109375 3005.26123046875 2974.909912109375 2951.84033203125 2934.60888671875 2924.106689453125 2921.674072265625 2921.38623046875 2912.600341796875 2897.280517578125 2878.068359375 2858.370849609375 2826.486083984375 2807.662841796875 2784.318603515625 2768.081787109375 2751.6796875 2738.4560546875 2726.778076171875 2715.223876953125 2706.1494140625 2694.770263671875 2687.56787109375 2687.284423828125 2680.810546875 2676.357177734375 2657.7265625 2639.89501953125 2627.966064453125 2604.101806640625 2584.330322265625 2564.596923828125 2539.693115234375 2524.049072265625 2491.8779296875 2464.004638671875 2434.65966796875 2406.99365234375 2386.935791015625
2905.619384765625 2953.42431640625 2967.37060546875 2998.09326171875 3013.4814453125 3029.85107421875 3020.589599609375 2996.187744140625 2964.554931640625 2940.748291015625 2926.214599609375 2912.97900390625 2910.406982421875 2902.364013671875 2895.285888671875 2888.93603515625 2874.401611328125 2853.716064453125 2822.447998046875 2799.769287109375 2773.810791015625 2769.138916015625 2751.671630859375 2733.697509765625 2724.0830078125 2709.178955078125 2696.097900390625 2685.33154296875 2676.30078125 2667.919189453125 2660.662109375 2661.010498046875 2646.937744140625 2626.463623046875 2614.642333984375 2612.4755859375 2582.156005859375 2554.95703125 2533.076904296875 2508.4365234375 2477.40771484375 2459.609375 2434.923583984375 2414.97119140625 2371.0869140625
2897.294677734375 2936.91650390625 2962.402587890625 2984.650146484375 3002.079833984375 3017.218505859375 3033.819580078125 2988.317138671875 2958.701904296875 2937.345458984375 2921.904052734375 2911.75634765625 2903.325927734375 2893.0654296875 2875.38037109375 2867.177734375 2864.567626953125 2840.41796875 2825.03662109375 2809.974853515625 2791.101318359375 2769.4521484375 2747.3310546875 2732.077392578125 2721.601806640625 2703.173095703125 2696.1943359375 2679.91943359375 2668.672119140625 2662.147216796875 2644.203125 2629.989501953125 2621.72705078125 2610.37548828125 2598.667724609375 2578.246826171875 2555.396240234375 2533.2236328125 2519.17578125 2499.16650390625 2460.033203125 2446.501708984375 2422.329833984375 2394.38623046875 2402.520263671875
2902.90869140625 2927.232421875 2942.734130859375 2963.366943359375 2987.71337890625 3002.833251953125 3020.246826171875 2999.7451171875 2965.20947265625 2937.76416015625 2928.9150390625 2919.6533203125 2907.3740234375 2892.415283203125 2874.8056640625 2859.0654296875 2854.509033203125 2831.966064453125 2822.847900390625 2807.4248046875 2787.5126953125 2774.457763671875 2753.28515625 2731.981689453125 2722.764892578125 2701.003173828125 2685.943115234375 2678.53857421875 2668.743408203125 2652.42431640625 2627.42822265625 2615.2998046875 2594.94482421875 2576.4912109375 2564.263427734375 2561.038330078125 2547.385986328125 2532.150146484375 2518.344970703125 2491.877197265625 2454.265869140625 2450.410400390625 2415.1474609375 2427.68896484375 2436.01513671875
2919.1328125 2935.790771484375 2940.793701171875 2963.122802734375 2984.47900390625 2997.9970703125 3017.349365234375 2998.740966796875 2971.00341796875 2940.92919921875 2928.208740234375 2921.9482421875 2912.298095703125 2901.425048828125 2883.55517578125 2859.885009765625 2854.184326171875 2849.348388671875 2842.439697265625 2818.221435546875 2783.413330078125 2765.6259765625 2749.555419921875 2733.40771484375 2720.069580078125 2693.751953125 2690.22705078125 2677.6474609375 2658.738525390625 2648.608154296875 2627.949951171875 2610.20751953125 2591.6337890625 2567.7001953125 2553.352294921875 2521.05126953125 2513.038330078125 2500.45556640625 2483.45263671875 2460.761962890625 2441.018310546875 2437.19482421875 2450.087646484375 2444.860107421875 2422.53173828125
2920.527099609375 2958.971923828125 2970.12890625 2984.441162109375 2995.26025390625 3006.8828125 3011.630126953125 2993.09130859375 2960.95947265625 2932.401123046875 2922.487548828125 2914.25439453125 2912.314208984375 2899.37353515625 2885.103515625 2868.203369140625 2855.8193359375 2848.70849609375 2835.065185546875 2822.0224609375 2787.9912109375 2777.231689453125 2756.39599609375 2738.357421875 2718.635009765625 2692.200927734375 2680.912353515625 2666.167236328125 2656.902587890625 2648.708740234375 2634.567626953125 2616.237548828125 2600.7958984375 2571.220703125 2547.978759765625 2511.47216796875 2496.91845703125 2483.407958984375 2469.92724609375 2453.88037109375 2448.4951171875 2460.4404296875 2468.841064453125 2439.1708984375 2423.347412109375
2913.5439453125 2940.355224609375 2964.31103515625 2998.945068359375 3010.125244140625 3021.0400390625 3014.218994140625 2985.91796875 2953.8388671875 2926.95947265625 2916.373779296875 2910.365966796875 2897.39208984375 2899.48046875 2888.43408203125 2862.66015625 2857.412109375 2843.10546875 2828.681396484375 2818.31787109375 2792.02685546875 2776.40283203125 2768.60009765625 2742.653564453125 2727.988525390625 2697.23828125 2672.882568359375 2654.299560546875 2640.92822265625 2639.23876953125 2630.73291015625 2614.857421875 2608.216552734375 2582.747314453125 2556.3701171875 2510.683349609375 2495.85107421875 2480.3857421875 2464.65087890625 2458.876708984375 2465.966796875 2474.3076171875 2455.845947265625 2439.425048828125 2433.852294921875
2902.868896484375 2932.0244140625 2952.089599609375 2998.491455078125 3025.422607421875 3031.498046875 3005.77978515625 2977.748046875 2947.60107421875 2921.3359375 2915.831787109375 2914.053955078125 2910.7841796875 2897.541259765625 2871.643798828125 2853.15185546875 2852.376220703125 2840.333251953125 2822.051513671875 2810.76806640625 2789.110595703125 2780.222412109375 2767.297119140625 2742.674072265625 2726.9755859375 2698.607421875 2682.37939453125 2665.1572265625 2640.000244140625 2625.876953125 2610.40625 2601.212646484375 2588.7802734375 2576.49462890625 2548.995849609375 2508.34619140625 2491.75830078125 2476.79638671875 2473.2890625 2477.3115234375 2471.02685546875 2469.296875 2457.6171875 2459.65576171875 2453.262451171875
2911.49609375 2941.886962890625 2957.989013671875 3000.755859375 3038.639892578125 3023.698974609375 2990.76953125 2962.82568359375 2937.700439453125 2916.230712890625 2906.691650390625 2910.0595703125 2911.15283203125 2893.93603515625 2873.396728515625 2857.6240234375 2847.440185546875 2837.619384765625 2806.1611328125 2793.221435546875 2785.873291015625 2776.087158203125 2769.4501953125 2766.106689453125 2749.166748046875 2717.8740234375 2701.37109375 2680.3740234375 2655.854248046875 2629.866455078125 2596.10400390625 2583.761474609375 2572.27197265625 2564.789794921875 2556.0751953125 2521.78759765625 2494.910888671875 2482.109375 2492.693603515625 2485.94873046875 2493.91943359375 2478.4921875 2487.9267578125 2485.5166015625 2479.061767578125
2908.281494140625 2948.091552734375 2967.69970703125 3001.607421875 3043.616943359375 3016.919677734375 2981.418701171875 2953.7255859375 2928.6728515625 2910.959228515625 2895.977783203125 2888.906982421875 2884.03515625 2877.179443359375 2870.307373046875 2868.2119140625 2863.025634765625 2838.299560546875 2807.02294921875 2800.654296875 2782.333984375 2783.4326171875 2786.08154296875 2768.272216796875 2745.111572265625 2723.95849609375 2704.983642578125 2685.915283203125 2657.941650390625 2629.01123046875 2602.082275390625 2581.94873046875 2569.436279296875 2559.296142578125 2546.128173828125 2512.401611328125 2505.555419921875 2506.303466796875 2500.36962890625 2509.89111328125 2505.211181640625 2493.9912109375 2510.091796875 2517.78466796875 2507.48681640625
