dem/goms.asc
ncols        451
nrows        442
xllcorner    8.111614536292
yllcorner    46.383528190925
dx           0.000526007856
dy           0.000356183462
NODATA_value  -3.4028230607370965251e+38
[rows 200 to 219 of 442, columns 45 to 89 of 451]
1987.573486328125 1994.2320556640625 2005.211181640625 2008.737548828125 2011.778564453125 2017.9830322265625 2026.7633056640625 2034.8909912109375 2042.685791015625 2039.9404296875 2038.87744140625 2047.4263916015625 2046.4730224609375 2049.152099609375 2063.20556640625 2074.939697265625 2101.595947265625 2121.616455078125 2147.901611328125 2183.07421875 2185.658935546875 2255.003662109375 2302.014892578125 2338.096923828125 2401.142578125 2444.6142578125 2493.027099609375 2552.892333984375 2605.97900390625 2631.490966796875 2626.879150390625 2624.093994140625 2625.485107421875 2638.177978515625 2662.082763671875 2687.35400390625 2710.4501953125 2726.595458984375 2745.43896484375 2773.153076171875 2796.22021484375 2806.183349609375 2820.778076171875 2838.765869140625 2847.772216796875
1990.53955078125 1989.4527587890625 2000.0189208984375 2005.3812255859375 2011.628662109375 2023.4180908203125 2027.5224609375 2035.6298828125 2033.1571044921875 2039.7161865234375 2041.021728515625 2043.623779296875 2046.0693359375 2054.560546875 2068.368896484375 2084.408447265625 2116.687744140625 2134.261474609375 2161.216064453125 2196.49365234375 2197.3466796875 2250.848388671875 2304.83349609375 2340.937255859375 2393.558837890625 2439.28369140625 2495.1689453125 2570.91015625 2602.6806640625 2610.18212890625 2603.029296875 2605.3427734375 2623.038818359375 2647.36474609375 2661.61181640625 2675.076171875 2698.039306640625 2720.64013671875 2802.0634765625 2812.56591796875 2832.468017578125 2842.35693359375 2847.090576171875 2865.36572265625 2877.40771484375
1983.265869140625 1987.3106689453125 1999.2376708984375 2008.1851806640625 2016.2576904296875 2023.9296875 2023.2791748046875 2028.2518310546875 2031.9376220703125 2035.2388916015625 2040.98828125 2044.925537109375 2051.403076171875 2058.64111328125 2083.416748046875 2098.873046875 2128.673828125 2160.836669921875 2185.204833984375 2205.221435546875 2220.226318359375 2247.686767578125 2289.007568359375 2335.859375 2391.117919921875 2447.9296875 2487.44580078125 2541.154541015625 2577.29541015625 2587.857666015625 2609.051025390625 2619.211181640625 2631.54638671875 2653.27392578125 2663.58544921875 2682.00244140625 2709.129150390625 2746.08203125 2785.20263671875 2806.04248046875 2851.774169921875 2871.361083984375 2872.443603515625 2893.878662109375 2898.174072265625
1978.548583984375 1987.8834228515625 1998.72412109375 2009.5369873046875 2018.307861328125 2017.921875 2021.1138916015625 2022.6383056640625 2029.38623046875 2035.935302734375 2044.1016845703125 2053.124755859375 2060.135009765625 2075.921875 2100.125244140625 2121.041259765625 2162.905029296875 2189.68408203125 2202.125 2217.223876953125 2227.119384765625 2250.565673828125 2276.794677734375 2327.341796875 2402.782470703125 2444.197998046875 2483.11767578125 2537.847412109375 2554.52099609375 2578.32080078125 2600.640869140625 2616.517333984375 2630.8662109375 2649.1826171875 2665.308837890625 2690.43212890625 2716.120361328125 2751.558349609375 2806.5322265625 2813.849365234375 2852.392333984375 2892.693603515625 2921.327392578125 2922.29248046875 2918.805908203125
1976.1524658203125 1990.41552734375 2002.7196044921875 2008.050048828125 2010.4390869140625 2014.1436767578125 2018.8065185546875 2022.7540283203125 2027.6014404296875 2042.79296875 2049.041015625 2060.562744140625 2073.411865234375 2091.52197265625 2120.6484375 2147.08251953125 2181.550048828125 2196.33837890625 2210.265380859375 2233.564208984375 2251.660888671875 2267.35791015625 2284.559326171875 2307.92529296875 2399.13427734375 2449.467041015625 2494.819091796875 2524.3017578125 2542.675537109375 2573.801025390625 2596.945068359375 2610.488037109375 2629.89892578125 2661.06982421875 2679.215087890625 2708.94873046875 2749.917236328125 2772.827392578125 2818.2333984375 2839.98828125 2860.019775390625 2907.922607421875 2928.5390625 2916.28662109375 2897.1513671875
1976.6531982421875 1987.5555419921875 1998.8721923828125 2002.520751953125 2008.0191650390625 2015.9630126953125 2025.179931640625 2031.277587890625 2042.0875244140625 2055.8974609375 2065.900146484375 2099.6298828125 2107.365966796875 2134.93603515625 2168.3076171875 2180.297607421875 2204.3310546875 2215.663330078125 2233.200927734375 2249.149169921875 2267.6650390625 2303.334716796875 2331.722900390625 2329.45849609375 2407.083740234375 2457.956787109375 2488.2138671875 2519.703125 2533.947021484375 2565.93408203125 2587.646728515625 2613.690673828125 2640.332763671875 2687.32763671875 2709.08544921875 2732.528076171875 2771.6484375 2797.69189453125 2824.2421875 2837.962646484375 2866.8798828125 2910.7314453125 2909.47509765625 2885.246826171875 2861.236083984375
1979.2198486328125 1979.3031005859375 1988.8995361328125 2003.919677734375 2024.516845703125 2056.623779296875 2062.879638671875 2062.0751953125 2072.061279296875 2093.474609375 2092.921875 2121.16259765625 2153.126953125 2176.9287109375 2207.605712890625 2218.210205078125 2236.369140625 2246.109375 2263.703125 2283.986572265625 2300.645751953125 2309.431640625 2350.004150390625 2361.946044921875 2407.019775390625 2445.921875 2474.7568359375 2498.999755859375 2536.730224609375 2557.5634765625 2586.42333984375 2612.4912109375 2664.7421875 2691.125 2717.839111328125 2755.43017578125 2792.002197265625 2808.507080078125 2824.3125 2835.2314453125 2859.698486328125 2896.013427734375 2891.646484375 2869.119384765625 2848.956298828125
1957.83837890625 1967.8287353515625 1988.9110107421875 2046.217041015625 2098.469970703125 2119.072998046875 2152.13232421875 2148.640869140625 2144.971923828125 2135.447998046875 2171.32666015625 2200.7705078125 2211.28759765625 2219.749267578125 2242.894775390625 2257.8115234375 2273.96728515625 2290.422119140625 2302.34228515625 2319.2666015625 2341.37890625 2356.12548828125 2369.955810546875 2387.43896484375 2421.828125 2460.590576171875 2490.707763671875 2510.24462890625 2540.475341796875 2562.102783203125 2590.8720703125 2625.796142578125 2667.46337890625 2723.390869140625 2739.34130859375 2770.96533203125 2797.75341796875 2807.7685546875 2820.25927734375 2832.093505859375 2850.083984375 2876.839599609375 2858.45703125 2842.189697265625 2834.4345703125
1934.87158203125 1963.1856689453125 2014.5023193359375 2072.232666015625 2143.04931640625 2169.3388671875 2192.386962890625 2200.60693359375 2207.922119140625 2217.7470703125 2232.56298828125 2239.66748046875 2252.787109375 2246.1298828125 2263.43212890625 2281.955078125 2300.712890625 2312.001953125 2318.981201171875 2340.11083984375 2363.621337890625 2378.8505859375 2394.20947265625 2409.203369140625 2429.9111328125 2455.455078125 2483.3994140625 2514.737548828125 2551.127685546875 2572.17431640625 2622.437255859375 2645.846923828125 2698.156982421875 2725.261474609375 2755.096923828125 2784.4287109375 2813.6181640625 2826.150146484375 2846.9189453125 2851.466064453125 2853.4326171875 2843.84130859375 2829.62939453125 2821.0927734375 2819.8095703125
1942.1707763671875 1986.4512939453125 2047.0469970703125 2116.001220703125 2161.001220703125 2177.9990234375 2196.67919921875 2212.50244140625 2231.17041015625 2240.62939453125 2251.78662109375 2252.847900390625 2265.9638671875 2270.599365234375 2293.799072265625 2302.055908203125 2320.323974609375 2333.191650390625 2351.951171875 2368.765380859375 2378.0546875 2402.330322265625 2417.342529296875 2428.05322265625 2449.142822265625 2471.331787109375 2495.721923828125 2522.01025390625 2555.1923828125 2576.33251953125 2605.892333984375 2660.37939453125 2682.074951171875 2753.687744140625 2771.556884765625 2793.376708984375 2827.893310546875 2846.405517578125 2864.441650390625 2857.6328125 2851.18212890625 2829.73046875 2816.8330078125 2807.487060546875 2802.85986328125
1980.6993408203125 2066.314453125 2129.39208984375 2152.368408203125 2185.710205078125 2196.386474609375 2209.001953125 2231.526611328125 2242.266845703125 2238.9990234375 2242.03955078125 2252.177978515625 2263.989013671875 2276.592041015625 2297.322265625 2311.390380859375 2336.30615234375 2349.8994140625 2372.047119140625 2389.4921875 2399.9013671875 2419.322998046875 2428.3388671875 2446.43994140625 2461.855712890625 2482 2499.608642578125 2524.272705078125 2563.0126953125 2587.149169921875 2684.45556640625 2710.11376953125 2718.0869140625 2747.3828125 2780.397705078125 2819.900146484375 2861.41259765625 2862.6748046875 2859.688232421875 2839.54541015625 2821.972412109375 2805.55517578125 2799.914794921875 2798.189453125 2787.33349609375
2058.5439453125 2111.38818359375 2134.713134765625 2162.48681640625 2197.235107421875 2200.114013671875 2218.89892578125 2223.354736328125 2236.5029296875 2237.18603515625 2239.00146484375 2245.558349609375 2259.007080078125 2272.210693359375 2293.30615234375 2317.780029296875 2339.384765625 2361.277587890625 2379.62158203125 2394.304443359375 2402.03662109375 2409.617919921875 2436.45068359375 2459.90087890625 2473.9677734375 2497.3056640625 2519.07470703125 2539.103515625 2579.5986328125 2636.5830078125 2715.75390625 2744.14111328125 2759.968017578125 2763.345947265625 2792.121826171875 2830.62646484375 2857.682861328125 2851.8720703125 2850.213134765625 2826.213623046875 2808.017333984375 2797.453857421875 2794.96875 2789.845703125 2776.027099609375
2093.46923828125 2124.310302734375 2145.983154296875 2172.96484375 2202.855712890625 2206.453369140625 2201.494384765625 2211.692138671875 2223.404541015625 2227.582275390625 2222.774169921875 2234.653076171875 2244.548095703125 2259.095703125 2291.135498046875 2316.480224609375 2339.382568359375 2363.03759765625 2375.27783203125 2372.958740234375 2397.611083984375 2415.942626953125 2441.38232421875 2470.88330078125 2493.418701171875 2515.922119140625 2540.490478515625 2560.107666015625 2604.424072265625 2680.236572265625 2714.164794921875 2742.735595703125 2754.032470703125 2775.954345703125 2794.82568359375 2819.41162109375 2832.955322265625 2848.8115234375 2836.990966796875 2811.75146484375 2797.599365234375 2784.291259765625 2782.276123046875 2769.966064453125 2759.91650390625
2103.593505859375 2132.999755859375 2152.264892578125 2170.621826171875 2189.918701171875 2188.771484375 2188.510498046875 2203.054931640625 2213.093017578125 2214.659912109375 2211.906005859375 2225.90478515625 2238.863525390625 2255.117919921875 2287.645751953125 2310.21240234375 2332.13916015625 2355.72900390625 2361.207275390625 2371.60498046875 2397.9931640625 2425.450927734375 2454.962646484375 2497.5751953125 2518.8798828125 2540.704833984375 2571.656982421875 2590.468994140625 2622.444580078125 2679.046142578125 2713.776123046875 2738.655517578125 2744.511962890625 2757.250244140625 2789.357177734375 2800.532958984375 2808.171630859375 2833.0341796875 2831.975830078125 2807.343017578125 2792.318359375 2776.405517578125 2768.172607421875 2753.29638671875 2744.25732421875
2105.982666015625 2136.425537109375 2154.8984375 2181.554931640625 2183.958984375 2177.422119140625 2174.252197265625 2188.0771484375 2195.377685546875 2195.070068359375 2202.42822265625 2215.166748046875 2230.9443359375 2256.873291015625 2281.5009765625 2304.1572265625 2324.142578125 2339.56005859375 2351.003173828125 2371.7421875 2398.056640625 2424.817626953125 2454.4169921875 2494.93603515625 2528.568603515625 2563.48291015625 2592.216064453125 2610.75341796875 2652.75390625 2674.719482421875 2710.344482421875 2741.34326171875 2746.088134765625 2755.470703125 2777.213623046875 2782.064453125 2796.47802734375 2815.256591796875 2819.05615234375 2796.3466796875 2787.242919921875 2772.406005859375 2751.625244140625 2730.745849609375 2731.32421875
2108.929443359375 2134.500244140625 2168.049072265625 2170.921875 2167.518310546875 2156.084716796875 2152.775390625 2164.896240234375 2168.41650390625 2176.8173828125 2194.04150390625 2206.735595703125 2230.669921875 2252.09375 2273.396484375 2290.95703125 2304.199951171875 2320.88134765625 2352.619384765625 2375.094970703125 2400.3525390625 2421.399658203125 2451.35400390625 2505.182861328125 2537.407470703125 2565.224853515625 2594.650390625 2613.59326171875 2645.166748046875 2666.48681640625 2698.028564453125 2742.08837890625 2752.944091796875 2768.725341796875 2774.06640625 2782.502685546875 2802.30322265625 2819.674560546875 2808.426513671875 2782.62939453125 2780.6982421875 2761.92431640625 2737.818359375 2719.70654296875 2702.3369140625
2100.958740234375 2122.7958984375 2161.18701171875 2164.86767578125 2159.35009765625 2143.56103515625 2132.71044921875 2145.580322265625 2153.5263671875 2166.19287109375 2185.177734375 2201.048583984375 2228.06005859375 2245.1220703125 2267.7333984375 2282.435791015625 2289.43359375 2317.300048828125 2350.65234375 2382.99267578125 2404.7763671875 2427.1923828125 2458.522216796875 2505.900390625 2530.93896484375 2557.390625 2592.92138671875 2609.817138671875 2644.84326171875 2668.96630859375 2699.365966796875 2738.249755859375 2759.370361328125 2780.013427734375 2791.83935546875 2800.951904296875 2817.662109375 2833.868896484375 2800.785888671875 2771.077392578125 2763.894287109375 2749.143310546875 2728.648193359375 2707.440185546875 2687.482177734375
2081.59814453125 2122.140625 2145.892822265625 2147.5234375 2139.37255859375 2119.0869140625 2108.811279296875 2121.887939453125 2134.17626953125 2155.2705078125 2175.453857421875 2196.640869140625 2219.334228515625 2236.90966796875 2258.18603515625 2266.250244140625 2289.526611328125 2319.897705078125 2345.04833984375 2373.8134765625 2400.92822265625 2425.17822265625 2456.27001953125 2505.88134765625 2526.38671875 2559.66943359375 2593.314208984375 2616.057373046875 2661.708251953125 2688.586669921875 2709.826171875 2744.309326171875 2765.294677734375 2801.08935546875 2826.577880859375 2835.92822265625 2852.9248046875 2829.30224609375 2797.99560546875 2771.120361328125 2754.712890625 2732.983154296875 2705.522216796875 2692.29345703125 2681.264892578125
2074.517822265625 2115.217041015625 2138.18505859375 2136.893798828125 2126.159912109375 2104.879150390625 2101.29638671875 2112.304931640625 2122.90478515625 2147.0498046875 2167.05126953125 2188.42431640625 2211.203369140625 2227.388427734375 2245.29443359375 2266.711669921875 2290.266357421875 2320.06982421875 2354.047607421875 2381.2197265625 2407.92578125 2448.223876953125 2469.468994140625 2505.998291015625 2528.641357421875 2562.65478515625 2605.5888671875 2626.9951171875 2677.784912109375 2704.31494140625 2721.17724609375 2752.380126953125 2771.81396484375 2808.757568359375 2838.22021484375 2854.059814453125 2868.112060546875 2829.294921875 2794.693359375 2769.4697265625 2749.727294921875 2720.369873046875 2700.43359375 2687.2451171875 2678.265380859375
2067.367431640625 2097.878662109375 2121.66259765625 2127.501708984375 2109.917236328125 2087.212646484375 2089.625 2100.6748046875 2109.49169921875 2133.62939453125 2156.489013671875 2176.879150390625 2204.33740234375 2218.112548828125 2237.81298828125 2266.791015625 2297.430908203125 2323.66796875 2361.2734375 2386.4853515625 2416.408935546875 2456.146484375 2477.206298828125 2512.007080078125 2534.232177734375 2570.42529296875 2616.466064453125 2642.92236328125 2686.39453125 2723.66650390625 2740.287353515625 2764.65625 2782.368408203125 2804.352294921875 2829.50244140625 2851.79931640625 2863.0615234375 2827.35888671875 2793.42333984375 2766.767333984375 2741.311767578125 2712.81689453125 2697.576904296875 2689.730224609375 2687.526123046875
