dem/goms.asc
ncols        451
nrows        442
xllcorner    8.111614536292
yllcorner    46.383528190925
dx           0.000526007856
dy           0.000356183462
NODATA_value  -3.4028230607370965251e+38
[rows 320 to 339 of 442, columns 0 to 44 of 451]
-3.4028230607370965251e+38 2269.858642578125 2251.693603515625 2243.67041015625 2238.7451171875 2237.83544921875 2242.18701171875 2234.45703125 2220.44873046875 2190.71484375 2163.252685546875 2139.715087890625 2111.234375 2097.732177734375 2088.51123046875 2074.919921875 2059.889404296875 2031.0330810546875 2012.8359375 1990.0865478515625 1965.5087890625 1939.415283203125 1917.0302734375 1902.4210205078125 1881.339599609375 1861.233642578125 1827.21728515625 1811.615966796875 1793.4971923828125 1773.0166015625 1757.3817138671875 1728.4312744140625 1700.0330810546875 1669.2486572265625 1650.0811767578125 1641.9505615234375 1617.6495361328125 1584.937744140625 1559.0911865234375 1501.7823486328125 1468.314697265625 1434.15478515625 1413.0125732421875 1379.923095703125 1331.623291015625
-3.4028230607370965251e+38 2253.442626953125 2233.412841796875 2228.2197265625 2223.465576171875 2221.060791015625 2223.53515625 2220.463134765625 2209.152587890625 2181.463134765625 2152.911865234375 2133.738525390625 2101.061279296875 2084.15625 2065.169677734375 2061.612060546875 2048.692626953125 2023.9312744140625 2002.410400390625 1978.1912841796875 1953.1025390625 1932.7357177734375 1911.646728515625 1895.8619384765625 1876.0322265625 1858.9244384765625 1839.6585693359375 1826.7572021484375 1808.521728515625 1784.0816650390625 1769.2779541015625 1733.70556640625 1704.9034423828125 1696.5712890625 1674.8890380859375 1656.0296630859375 1604.7257080078125 1574.4698486328125 1549.249267578125 1506.71533203125 1470.851806640625 1441.3067626953125 1401.4234619140625 1363.2392578125 1342.3546142578125
-3.4028230607370965251e+38 2244.738037109375 2222.83984375 2213.954833984375 2196.669921875 2192.4189453125 2189.052490234375 2185.45361328125 2184.76171875 2163.048828125 2136.87353515625 2123.839111328125 2093.718017578125 2071.11572265625 2048.3173828125 2023.138916015625 2016.7130126953125 2002.9930419921875 1988.0386962890625 1965.4755859375 1941.8289794921875 1924.009765625 1907.81103515625 1889.618408203125 1872.332275390625 1858.48046875 1836.5904541015625 1826.111572265625 1806.3094482421875 1784.0921630859375 1769.34765625 1744.9298095703125 1722.4189453125 1705.2564697265625 1664.6429443359375 1633.790771484375 1587.421875 1555.8514404296875 1531.3299560546875 1491.707275390625 1469.929931640625 1437.6728515625 1397.5682373046875 1407.781005859375 1367.8553466796875
-3.4028230607370965251e+38 2235.875 2210.95556640625 2197.682373046875 2174.539794921875 2169.184814453125 2162.779296875 2164.218505859375 2165.624755859375 2152.373779296875 2136.033447265625 2123.67626953125 2093.19189453125 2069.61669921875 2039.9197998046875 2014.4400634765625 1994.984619140625 1982.310791015625 1968.9951171875 1947.0738525390625 1933.553466796875 1918.6436767578125 1903.1226806640625 1884.4229736328125 1865.099853515625 1852.5924072265625 1830.9345703125 1820.3001708984375 1804.2781982421875 1781.7840576171875 1766.62451171875 1743.5921630859375 1722.8973388671875 1704.4344482421875 1666.4110107421875 1647.9024658203125 1611.91845703125 1577.9232177734375 1549.5421142578125 1505.8701171875 1476.4627685546875 1435.24267578125 1430.2196044921875 1421.1195068359375 1384.837890625
-3.4028230607370965251e+38 2220.318359375 2198.403564453125 2181.576171875 2157.0712890625 2141.968017578125 2136.736083984375 2129.443115234375 2130.135986328125 2123.63232421875 2114.705322265625 2108.182373046875 2090.69970703125 2070.406982421875 2047.3258056640625 2020.254638671875 2000.3416748046875 1963.96826171875 1926.6646728515625 1910.86181640625 1898.756103515625 1888.006591796875 1873.52587890625 1870.249755859375 1857.0723876953125 1850.9095458984375 1828.9249267578125 1817.981201171875 1801.8538818359375 1777.4803466796875 1762.057373046875 1741.0673828125 1721.5167236328125 1702.7454833984375 1672.77197265625 1647.9329833984375 1620.6209716796875 1577.16552734375 1549.752685546875 1507.0521240234375 1480.5057373046875 1459.4234619140625 1459.2198486328125 1424.372802734375 1396.901123046875
-3.4028230607370965251e+38 2199.007080078125 2184.38134765625 2169.8837890625 2139.782470703125 2124.951904296875 2112.03515625 2104.54638671875 2099.381103515625 2099.655029296875 2088.636474609375 2092.629638671875 2081.947021484375 2058.561279296875 2035.354736328125 2010.4375 1986.559814453125 1958.251220703125 1934.4185791015625 1908.6612548828125 1885.1644287109375 1866.8118896484375 1852.1405029296875 1852.385986328125 1838.554931640625 1834.17578125 1821.6925048828125 1812.2052001953125 1795.0692138671875 1771.74951171875 1757.9947509765625 1736.5777587890625 1715.7939453125 1697.2293701171875 1665.6778564453125 1638.8577880859375 1611.32177734375 1583.3609619140625 1571.806640625 1542.5853271484375 1516.2830810546875 1491.804443359375 1479.3145751953125 1450.9149169921875 1414.82421875
-3.4028230607370965251e+38 2178.549560546875 2166.638916015625 2149.31982421875 2126.53759765625 2114.4755859375 2104.7470703125 2082.881591796875 2080.922119140625 2074.101318359375 2076.75634765625 2066.83544921875 2053.26611328125 2039.22802734375 2020.8048095703125 2001.9029541015625 1978.90087890625 1955.2315673828125 1940.90380859375 1922.44970703125 1898.2581787109375 1863.8917236328125 1841.142578125 1821.601806640625 1806.806884765625 1806.513916015625 1798.936767578125 1787.1544189453125 1789.60400390625 1768.6502685546875 1755.7584228515625 1731.2103271484375 1707.95458984375 1691.6187744140625 1658.5191650390625 1635.090576171875 1610.1722412109375 1587.296630859375 1571.8096923828125 1543.7606201171875 1522.6219482421875 1501.6817626953125 1471.001220703125 1438.5562744140625 1403.562744140625
-3.4028230607370965251e+38 2142.53515625 2130.24169921875 2107.367919921875 2106.431884765625 2088.2431640625 2089.35009765625 2070.84521484375 2049.2666015625 2036.733154296875 2046.8502197265625 2035.720703125 2019.1580810546875 2010.126953125 2008.5731201171875 1987.2845458984375 1967.6055908203125 1952.3076171875 1937.5821533203125 1917.724365234375 1895.496337890625 1871.2581787109375 1846.9090576171875 1819.0523681640625 1786.8062744140625 1770.0584716796875 1767.5736083984375 1761.056396484375 1761.79736328125 1742.984375 1730.80029296875 1706.2894287109375 1683.5216064453125 1668.0189208984375 1635.7452392578125 1606.0926513671875 1588.49609375 1573.4451904296875 1543.03857421875 1509.269287109375 1484.4442138671875 1459.2032470703125 1444.91748046875 1419.2420654296875 1400.414306640625
-3.4028230607370965251e+38 2117.820556640625 2107.407470703125 2093.27734375 2080.485107421875 2069.860595703125 2068.39892578125 2069.775146484375 2046.778076171875 2017.4163818359375 2022.172119140625 2013.04931640625 2001.2557373046875 1992.0985107421875 1987.5828857421875 1974.2789306640625 1961.7529296875 1938.8798828125 1925.315673828125 1909.0357666015625 1897.8446044921875 1876.0264892578125 1851.251220703125 1826.0985107421875 1796.0623779296875 1778.6148681640625 1744.4853515625 1729.3599853515625 1726.095703125 1718.08740234375 1705.429443359375 1682.743896484375 1669.523681640625 1657.8414306640625 1617.7808837890625 1591.9168701171875 1563.9796142578125 1550.33056640625 1520.9520263671875 1494.3984375 1471.96484375 1448.10595703125 1420.979736328125 1402.5843505859375 1377.9066162109375
-3.4028230607370965251e+38 2088.760498046875 2073.8427734375 2059.451904296875 2040.4111328125 2046.10595703125 2040.683837890625 2032.6793212890625 2035.61181640625 2011.648193359375 1978.2803955078125 1974.910400390625 1972.4071044921875 1965.3111572265625 1954.402099609375 1953.400634765625 1944.2672119140625 1925.16943359375 1920.110595703125 1894.2332763671875 1890.7003173828125 1873.15478515625 1850.90869140625 1832.220458984375 1808.459716796875 1788.6649169921875 1753.452392578125 1722.5323486328125 1702.129150390625 1694.06396484375 1684.3055419921875 1664.114990234375 1648.179443359375 1641.251220703125 1611.871826171875 1579.9600830078125 1548.745361328125 1526.1527099609375 1498.1171875 1472.3603515625 1451.0301513671875 1429.7347412109375 1407.1898193359375 1381.02490234375 1365.1373291015625
-3.4028230607370965251e+38 2060.33984375 2050.8310546875 2041.158447265625 2020.2225341796875 2036.250732421875 2017.2476806640625 2010.5169677734375 2006.751708984375 2003.537841796875 1976.7623291015625 1951.7347412109375 1953.5518798828125 1945.9638671875 1944.4981689453125 1936.6087646484375 1929.0009765625 1918.540771484375 1900.2181396484375 1887.1846923828125 1865.9886474609375 1842.01708984375 1813.8939208984375 1802.3251953125 1803.3997802734375 1785.8199462890625 1761.0833740234375 1739.9481201171875 1717.9669189453125 1687.907470703125 1660.6064453125 1644.51708984375 1628.822021484375 1612.1429443359375 1592.70166015625 1563.5010986328125 1534.573974609375 1508.790283203125 1480.4901123046875 1470.00390625 1447.7353515625 1430.2718505859375 1420.4158935546875 1410.58203125 1391.5679931640625
-3.4028230607370965251e+38 2065.183837890625 2027.53271484375 2019.9937744140625 1993.5447998046875 1996.9610595703125 1991.435791015625 1977.4525146484375 1977.1275634765625 1972.2615966796875 1968.4873046875 1943.4610595703125 1927.868896484375 1922.0321044921875 1921.7515869140625 1917.8465576171875 1910.4920654296875 1898.678466796875 1886.695068359375 1864.546142578125 1847.3792724609375 1818.147216796875 1786.9669189453125 1776.6732177734375 1789.8431396484375 1777.64990234375 1746.2989501953125 1730.6417236328125 1725.5628662109375 1698.74560546875 1677.703857421875 1666.17578125 1642.407470703125 1628.07373046875 1591.6514892578125 1568.6619873046875 1552.515869140625 1524.289794921875 1513.8785400390625 1491.613525390625 1474.712890625 1467.2047119140625 1467.232177734375 1446.510498046875 1429.6893310546875
-3.4028230607370965251e+38 2076.035400390625 2051.91015625 2030.84814453125 1984.588134765625 1955.522216796875 1941.6068115234375 1945.74951171875 1950.6571044921875 1944.35302734375 1940.4312744140625 1935.816650390625 1916.4049072265625 1894.3603515625 1894.360107421875 1893.59326171875 1893.385498046875 1871.6790771484375 1870.6063232421875 1843.984619140625 1823.355224609375 1799.4183349609375 1756.5311279296875 1738.919677734375 1734.4742431640625 1741.8819580078125 1719.198974609375 1695.90283203125 1690.1080322265625 1683.9544677734375 1680.8968505859375 1663.9776611328125 1643.1943359375 1635.343017578125 1617.748291015625 1597.4580078125 1577.5191650390625 1564.791748046875 1538.278076171875 1523.3857421875 1511.029541015625 1496.531005859375 1480.96923828125 1455.2764892578125 1429.395263671875
-3.4028230607370965251e+38 2091.748046875 2059.36669921875 2024.666015625 1994.7606201171875 1961.667724609375 1938.84765625 1922.79345703125 1918.7269287109375 1912.1126708984375 1910.0892333984375 1908.681396484375 1897.9530029296875 1887.674072265625 1860.83837890625 1861.922607421875 1862.7366943359375 1865.2010498046875 1840.0316162109375 1832.102783203125 1809.5313720703125 1784.8319091796875 1747.086669921875 1722.5550537109375 1698.171875 1714.6317138671875 1699.66650390625 1679.06640625 1673.0316162109375 1661.4576416015625 1661.9124755859375 1657.6373291015625 1642.9732666015625 1623.03564453125 1610.5687255859375 1600.9176025390625 1582.015380859375 1572.72802734375 1556.1766357421875 1529.681396484375 1509.205322265625 1484.6627197265625 1469.6180419921875 1437.6588134765625 1398.1763916015625
-3.4028230607370965251e+38 2111.437255859375 2077.940673828125 2043.24169921875 2005.994873046875 2003.40234375 1953.1971435546875 1911.4761962890625 1884.03857421875 1879.1221923828125 1873.2432861328125 1883.497314453125 1874.649658203125 1854.0504150390625 1854.7462158203125 1834.8240966796875 1823.01220703125 1842.716552734375 1835.808837890625 1800.2445068359375 1785.79541015625 1766.2310791015625 1727.037841796875 1717.39306640625 1670.085693359375 1669.476806640625 1665.32861328125 1647.4796142578125 1630.1630859375 1620.3721923828125 1622.0035400390625 1620.3837890625 1610.680419921875 1600.2506103515625 1608.9140625 1594.424560546875 1570.4886474609375 1557.700927734375 1547.42431640625 1525.0738525390625 1504.6083984375 1477.9576416015625 1449.1243896484375 1435.419189453125 1388.86767578125
-3.4028230607370965251e+38 2112.98876953125 2074.103515625 2043.080322265625 2030.7039794921875 2006.1697998046875 1976.508544921875 1918.5511474609375 1890.5709228515625 1865.058349609375 1851.4107666015625 1860.590576171875 1838.44384765625 1828.32373046875 1816.842041015625 1812.47509765625 1783.2939453125 1815.556640625 1812.0113525390625 1771.75439453125 1749.856201171875 1732.4730224609375 1703.6478271484375 1682.5626220703125 1657.784423828125 1634.47607421875 1631.2183837890625 1622.6856689453125 1613.3104248046875 1598.3486328125 1598.4295654296875 1596.6978759765625 1590.149169921875 1578.239990234375 1589.5428466796875 1580.8184814453125 1564.068115234375 1547.0906982421875 1530.1856689453125 1525.243896484375 1504.5731201171875 1466.5360107421875 1440.0882568359375 1403.674560546875 1362.279541015625
-3.4028230607370965251e+38 2111.197509765625 2079.90380859375 2056.771240234375 2033.740234375 2000.392333984375 1965.7933349609375 1943.985595703125 1905.72314453125 1880.4681396484375 1867.83447265625 1828.208740234375 1804.862060546875 1801.3416748046875 1776.7342529296875 1776.17138671875 1759.735107421875 1789.482421875 1779.303466796875 1747.4307861328125 1733.021240234375 1699.537109375 1678.710205078125 1665.6318359375 1648.5213623046875 1609.1361083984375 1609.7900390625 1602.0369873046875 1597.298828125 1571.595458984375 1567.8519287109375 1566.9329833984375 1560.9560546875 1550.45654296875 1557.47509765625 1554.4852294921875 1552.6199951171875 1555.5535888671875 1530.1212158203125 1507.4755859375 1495.8536376953125 1465.61181640625 1440.396240234375 1399.0765380859375 1362.8980712890625
-3.4028230607370965251e+38 2096.571044921875 2068.13818359375 2048.22998046875 2030.8983154296875 2003.5008544921875 1969.934326171875 1945.175048828125 1923.343994140625 1906.4990234375 1886.591064453125 1858.77490234375 1838.7220458984375 1793.820068359375 1747.29638671875 1708.7203369140625 1696.648681640625 1712.625244140625 1712.2239990234375 1702.1260986328125 1685.8701171875 1661.1025390625 1645.17333984375 1625.88427734375 1605.7335205078125 1592.8438720703125 1573.108642578125 1565.3807373046875 1556.4967041015625 1542.2069091796875 1530.7811279296875 1532.1785888671875 1533.0245361328125 1528.4976806640625 1528.78173828125 1525.1436767578125 1525.503173828125 1534.4090576171875 1536.1556396484375 1511.1717529296875 1481.2406005859375 1468.1578369140625 1446.857666015625 1415.5130615234375 1368.1165771484375
-3.4028230607370965251e+38 2080.673828125 2048.835205078125 2027.1771240234375 2012.697265625 1994.4522705078125 1979.401611328125 1960.656005859375 1938.8436279296875 1928.50439453125 1907.073974609375 1887.8878173828125 1864.4239501953125 1831.0853271484375 1765.614013671875 1728.7171630859375 1697.347412109375 1665.4808349609375 1692.1693115234375 1672.923095703125 1660.680908203125 1639.2716064453125 1618.2952880859375 1607.9813232421875 1588.4102783203125 1573.0989990234375 1549.688232421875 1541.6328125 1531.2972412109375 1522.4783935546875 1504.78173828125 1511.162109375 1502.0562744140625 1501.84326171875 1497.7340087890625 1496.9798583984375 1502.32861328125 1503.4190673828125 1518.6331787109375 1503.6297607421875 1487.1212158203125 1450.448974609375 1436.3179931640625 1418.3375244140625 1384.2393798828125
-3.4028230607370965251e+38 2072.820068359375 2041.54052734375 2022.7757568359375 1995.808837890625 1971.0640869140625 1958.1492919921875 1945.07958984375 1923.3944091796875 1905.989501953125 1891.143310546875 1856.5933837890625 1843.2025146484375 1823.5291748046875 1785.698486328125 1766.05126953125 1708.2916259765625 1658.150634765625 1631.50244140625 1619.951416015625 1609.226806640625 1600.27001953125 1571.957763671875 1561.215087890625 1552.022216796875 1539.927001953125 1524.150390625 1502.812744140625 1488.7677001953125 1476.4425048828125 1466.0501708984375 1478.553466796875 1456.382080078125 1455.474609375 1453.7635498046875 1474.9735107421875 1478.0272216796875 1482.2098388671875 1509.0400390625 1497.00732421875 1484.8563232421875 1460.220703125 1443.34423828125 1419.887939453125 1370.8265380859375
