dem/goms.asc
ncols        451
nrows        442
xllcorner    8.111614536292
yllcorner    46.383528190925
dx           0.000526007856
dy           0.000356183462
NODATA_value  -3.4028230607370965251e+38
[rows 100 to 119 of 442, columns 0 to 44 of 451]
-3.4028230607370965251e+38 -3.4028230607370965251e+38 -3.4028230607370965251e+38 2996.958984375 2988.34716796875 2981.386474609375 2973.68310546875 2966.8896484375 2963.48046875 2958.60107421875 2959.111328125 2964.5283203125 2990.772216796875 2977.407470703125 2969.497314453125 2957.858154296875 2938.238037109375 2908.078857421875 2871.406494140625 2855.618408203125 2850.58251953125 2852.191162109375 2852.55810546875 2849.93896484375 2847.483642578125 2845.616455078125 2845.463134765625 2844.489013671875 2841.94287109375 2840.148681640625 2835.357666015625 2827.060302734375 2819.963134765625 2807.510498046875 2800.8095703125 2797.033447265625 2793.557861328125 2789.64794921875 2786.576171875 2783.24951171875 2781.080810546875 2779.361328125 2776.749267578125 2775.490478515625 2773.850341796875
-3.4028230607370965251e+38 -3.4028230607370965251e+38 -3.4028230607370965251e+38 3004.78662109375 2996.614013671875 2990.141845703125 2984.044921875 2977.861572265625 2977.044921875 2976.916015625 2979.681884765625 3006.869384765625 3022.358642578125 3022.327392578125 3005.230712890625 2991.43115234375 2968.211669921875 2919.589111328125 2878.367431640625 2862.945556640625 2862.95458984375 2863.55029296875 2862.113525390625 2857.212158203125 2854.34814453125 2854.382080078125 2854.031005859375 2853.071044921875 2853.998291015625 2852.267578125 2846.045166015625 2836.906494140625 2828.02490234375 2813.25390625 2806.34521484375 2799.03564453125 2793.628173828125 2787.84423828125 2783.197265625 2780.356689453125 2778.113525390625 2776.28564453125 2774.70166015625 2773.758056640625 2772.023193359375
-3.4028230607370965251e+38 -3.4028230607370965251e+38 -3.4028230607370965251e+38 3023.37548828125 3013.03857421875 3013.2333984375 3007.30908203125 3003.248291015625 3007.41357421875 3027.288330078125 3044.051513671875 3075.616455078125 3090.745361328125 3057.083251953125 3013.485107421875 2987.228271484375 2941.126708984375 2922.003662109375 2895.456787109375 2878.72021484375 2877.416259765625 2873.40966796875 2870.730712890625 2864.779541015625 2862.916748046875 2865.3359375 2865.014404296875 2866.292724609375 2870.090087890625 2866.95849609375 2858.216064453125 2844.592529296875 2830.977294921875 2821.52880859375 2815.384521484375 2807.220703125 2800.04443359375 2793.141845703125 2788.18505859375 2784.877685546875 2782.1416015625 2779.489013671875 2773.263916015625 2769.879150390625 2765.533203125
-3.4028230607370965251e+38 -3.4028230607370965251e+38 -3.4028230607370965251e+38 3038.8623046875 3036.29248046875 3034.751220703125 3031.92333984375 3026.678466796875 3047.192626953125 3062.221435546875 3078.658447265625 3108.893310546875 3073.97705078125 3013.1689453125 2987.125 2959.50634765625 2939.70849609375 2925.940185546875 2897.57421875 2889.93408203125 2888.244384765625 2884.814697265625 2880.029052734375 2873.634765625 2877.197509765625 2879.50830078125 2881.49365234375 2884.687744140625 2886.613037109375 2876.66357421875 2867.41748046875 2855.451416015625 2846.608154296875 2838.81298828125 2834.736328125 2830.88330078125 2818.94970703125 2805.186767578125 2794.833740234375 2789.9814453125 2785.675048828125 2780.333740234375 2775.362548828125 2776.247314453125 2768.4580078125
-3.4028230607370965251e+38 -3.4028230607370965251e+38 -3.4028230607370965251e+38 3055.913330078125 3054.30615234375 3051.38525390625 3070.384765625 3084.77783203125 3090.82275390625 3106.82666015625 3125.1787109375 3088.138427734375 3042.112548828125 3005.336181640625 2987.565185546875 2960.337646484375 2937.59375 2924.390869140625 2906.667236328125 2904.418212890625 2903.135498046875 2899.487548828125 2894.50927734375 2888.93505859375 2888.372314453125 2890.251220703125 2893.294189453125 2896.89892578125 2897.568603515625 2891.970458984375 2881.370849609375 2870.776611328125 2860.0390625 2855.708251953125 2854.616455078125 2858.593994140625 2840.80029296875 2824.0703125 2813.779052734375 2802.086669921875 2793.2978515625 2786.74072265625 2778.669677734375 2775.084716796875 2769.2138671875
-3.4028230607370965251e+38 -3.4028230607370965251e+38 -3.4028230607370965251e+38 3074.57470703125 3077.982666015625 3107.8466796875 3126.1201171875 3151.44091796875 3170.358154296875 3130.08837890625 3104.452880859375 3076.643798828125 3052.330322265625 3019.6025390625 3001.818603515625 2970.924072265625 2945.8837890625 2934.923583984375 2920.041259765625 2916.1025390625 2915.883056640625 2916.091064453125 2912.253662109375 2909.59765625 2909.71826171875 2907.759765625 2911.214111328125 2915.05078125 2920.091552734375 2910.266845703125 2905.9560546875 2899.61572265625 2893.748291015625 2890.270751953125 2891.570556640625 2894.95751953125 2871.55126953125 2854.4599609375 2842.39453125 2833.149658203125 2816.666015625 2808.273681640625 2788.9697265625 2784.513916015625 2773.648193359375
-3.4028230607370965251e+38 -3.4028230607370965251e+38 -3.4028230607370965251e+38 3087.73828125 3097.74609375 3134.468505859375 3164.432373046875 3189.222900390625 3163.94873046875 3140.21484375 3115.622802734375 3086.04052734375 3070.54736328125 3046.12548828125 3030.643798828125 3000.4228515625 2961.75341796875 2952.266845703125 2933.6591796875 2936.91748046875 2937.712158203125 2934.216796875 2931.572021484375 2928.779296875 2925.974365234375 2921.64697265625 2925.83642578125 2923.673095703125 2928.45556640625 2921.033203125 2923.722412109375 2921.571533203125 2913.70263671875 2910.52685546875 2917.78857421875 2911.781494140625 2890.60595703125 2875.373046875 2864.720703125 2853.896484375 2835.1435546875 2828.11572265625 2811.784423828125 2803.628662109375 2788.839111328125
-3.4028230607370965251e+38 -3.4028230607370965251e+38 -3.4028230607370965251e+38 3143.98095703125 3160.977783203125 3187.5673828125 3204.650146484375 3193.166748046875 3176.22607421875 3157.649169921875 3136.5048828125 3102.175048828125 3081.711181640625 3050.508056640625 3036.574462890625 3012.458740234375 2981.75244140625 2978.30615234375 2969.47314453125 2962.994873046875 2960.2236328125 2952.801513671875 2948.0380859375 2946.353515625 2943.353759765625 2938.372802734375 2943.495849609375 2944.47265625 2944.963134765625 2948.0361328125 2964.4951171875 2958.007568359375 2952.036376953125 2949.999267578125 2953.904052734375 2944.661376953125 2924.519287109375 2911.27099609375 2901.74853515625 2888.164794921875 2870.5283203125 2861.085693359375 2842.292724609375 2833.561279296875 2815.658447265625
-3.4028230607370965251e+38 -3.4028230607370965251e+38 -3.4028230607370965251e+38 3181.17041015625 3199.598876953125 3223.70458984375 3208.33154296875 3195.905029296875 3179.1640625 3162.76513671875 3142.216064453125 3110.14111328125 3091.3642578125 3063.114990234375 3046.45703125 3028.281982421875 3008.61669921875 3005.639892578125 2991.439208984375 2985.04052734375 2976.663818359375 2963.96240234375 2960.457763671875 2961.994873046875 2958.88818359375 2955.436279296875 2958.62890625 2961.509033203125 2957.104248046875 2971.88037109375 3000.4208984375 2980.785888671875 2974.552001953125 2970.884521484375 2975.5849609375 2959.408935546875 2947.953857421875 2935.09130859375 2923.455322265625 2909.73583984375 2891.98193359375 2880.46630859375 2866.496826171875 2853.281494140625 2830.120361328125
-3.4028230607370965251e+38 -3.4028230607370965251e+38 -3.4028230607370965251e+38 3229.446044921875 3243.09716796875 3229.429443359375 3210.417724609375 3199.4560546875 3180.7666015625 3164.388671875 3146.9931640625 3122.603759765625 3107.02490234375 3083.725830078125 3068.57568359375 3049.9912109375 3032.651123046875 3015.320556640625 3004.012939453125 2996.560302734375 2986.94677734375 2971.68212890625 2967.557861328125 2970.75390625 2969.01318359375 2966.212158203125 2965.345703125 2971.7294921875 2971.0654296875 3007.8642578125 3025.501953125 3016.7705078125 3003.605224609375 3001.04345703125 3004.798583984375 2993.644287109375 2981.746826171875 2967.506103515625 2953.135986328125 2936.8017578125 2920.45556640625 2912.862548828125 2900.3603515625 2870.15576171875 2842.68408203125
-3.4028230607370965251e+38 -3.4028230607370965251e+38 -3.4028230607370965251e+38 3256.759033203125 3252.18896484375 3232.572021484375 3213.455322265625 3201.158447265625 3184.037841796875 3166.995849609375 3150.90869140625 3130.04150390625 3114.779296875 3091.074951171875 3070.0546875 3057.139892578125 3040.702392578125 3032.621337890625 3017.474609375 3007.885498046875 2999.777587890625 2986.136474609375 2981.899169921875 2983.947265625 2985.291748046875 2981.599609375 2980.435302734375 2982.935302734375 2990.375732421875 3054.580810546875 3073.814453125 3060.675048828125 3052.395751953125 3050.447265625 3042.828857421875 3024.9609375 3017.441162109375 2998.12255859375 2983.57421875 2973.4052734375 2959.22509765625 2958.639404296875 2925.44970703125 2875.3837890625 2849.481689453125
-3.4028230607370965251e+38 -3.4028230607370965251e+38 -3.4028230607370965251e+38 3274.162109375 3257.05224609375 3237.35986328125 3216.001708984375 3205.181640625 3188.621337890625 3172.601318359375 3155.893798828125 3134.714111328125 3120.501953125 3098.689208984375 3078.819580078125 3066.116455078125 3049.30029296875 3039.941650390625 3024.123779296875 3013.276611328125 3005.049072265625 2993.351806640625 2990.81884765625 2994.04052734375 2993.957763671875 2991.886474609375 2993.43701171875 2994.908447265625 3006.10888671875 3076.208740234375 3099.9150390625 3093.410400390625 3090.83251953125 3081.781982421875 3081.95458984375 3058.720947265625 3043.644287109375 3027.097900390625 3016.697998046875 3004.046142578125 2980.285400390625 2965.994140625 2921.429443359375 2868.595947265625 2854.930908203125
-3.4028230607370965251e+38 -3.4028230607370965251e+38 -3.4028230607370965251e+38 3280.444091796875 3261.412353515625 3242.23486328125 3221.29052734375 3211.043701171875 3195.114990234375 3179.545166015625 3163.951171875 3142.96923828125 3131.8798828125 3110.2021484375 3091.59130859375 3077.64794921875 3062.19287109375 3053.03662109375 3035.77001953125 3018.49462890625 3009.75439453125 3007.34326171875 3016.43603515625 3023.482666015625 3019.729736328125 3015.1103515625 3018.4912109375 3021.467041015625 3056.577392578125 3111.322509765625 3154.266845703125 3149.601318359375 3146.3369140625 3136.7392578125 3118.637939453125 3090.188720703125 3075.52392578125 3055.676025390625 3021.031494140625 2975.048095703125 2933.775390625 2920.282958984375 2896.17333984375 2873.60009765625 2855.529541015625
-3.4028230607370965251e+38 -3.4028230607370965251e+38 -3.4028230607370965251e+38 3282.87890625 3261.7275390625 3245.229736328125 3226.86865234375 3216.55517578125 3202.38232421875 3184.572998046875 3173.448974609375 3152.7626953125 3138.06982421875 3116.463134765625 3099.62158203125 3088.216552734375 3070.757080078125 3062.864013671875 3043.549560546875 3030.213623046875 3023.6484375 3027.02392578125 3034.9697265625 3034.639404296875 3032.580078125 3030.9970703125 3032.488525390625 3039.780029296875 3078.390380859375 3124.387939453125 3161.838134765625 3177.846923828125 3172.089111328125 3159.10791015625 3137.973876953125 3112.155517578125 3096.8203125 3063.235107421875 2978.879150390625 2955.173095703125 2929.6875 2914.7939453125 2890.93310546875 2870.968505859375 2854.750244140625
-3.4028230607370965251e+38 -3.4028230607370965251e+38 -3.4028230607370965251e+38 3280.66796875 3262.6865234375 3247.8984375 3234.424072265625 3224.3896484375 3211.184814453125 3190.313720703125 3178.57080078125 3159.321044921875 3145.027099609375 3120.942626953125 3103.9873046875 3090.457763671875 3076.675048828125 3063.865966796875 3049.21826171875 3041.021728515625 3038.6044921875 3046.284912109375 3047.97314453125 3046.354248046875 3047.24951171875 3044.09912109375 3046.301025390625 3058.173583984375 3099.631103515625 3142.086181640625 3199.345947265625 3206.22314453125 3188.780029296875 3145.341796875 3124.336181640625 3085.35791015625 3048.95458984375 3006.76953125 2971.37353515625 2950.583251953125 2922.048583984375 2912.38671875 2888.183349609375 2868.621337890625 2856.804443359375
-3.4028230607370965251e+38 -3.4028230607370965251e+38 -3.4028230607370965251e+38 3278.24560546875 3263.992431640625 3252.54833984375 3238.64306640625 3230.899658203125 3217.5478515625 3198.79345703125 3187.0888671875 3168.11181640625 3150.96484375 3132.96142578125 3115.341552734375 3108.091796875 3093.993408203125 3082.2587890625 3072.53173828125 3065.741455078125 3066.17041015625 3067.188720703125 3064.069580078125 3062.267333984375 3061.885498046875 3065.601318359375 3063.850830078125 3082.79736328125 3127.36083984375 3167.232177734375 3216.992919921875 3236.7333984375 3179.570068359375 3152.493408203125 3094.72607421875 3052.00439453125 3032.11474609375 2997.4306640625 2971.370361328125 2954.6455078125 2925.91552734375 2912.169189453125 2883.843994140625 2867.461181640625 2856.577880859375
-3.4028230607370965251e+38 -3.4028230607370965251e+38 -3.4028230607370965251e+38 3278.36474609375 3265.76513671875 3257.114013671875 3246.931640625 3237.007080078125 3225.335205078125 3206.71435546875 3196.4248046875 3175.479736328125 3156.15283203125 3138.387451171875 3126.365966796875 3117.96484375 3102.500244140625 3093.29833984375 3086.029296875 3081.076904296875 3081.66357421875 3077.462890625 3070.9072265625 3072.16455078125 3074.244873046875 3078.737060546875 3085.92919921875 3099.701904296875 3146.13671875 3193.077880859375 3263.004638671875 3249.551025390625 3188.856689453125 3114.650390625 3084.570068359375 3044.29296875 3023.860595703125 2993.108154296875 2962.886474609375 2951.177001953125 2934.490966796875 2922.708251953125 2892.90869140625 2870.17138671875 2854.3955078125
-3.4028230607370965251e+38 -3.4028230607370965251e+38 -3.4028230607370965251e+38 3290.53369140625 3273.08349609375 3266.624755859375 3254.6875 3247.589599609375 3231.7490234375 3215.367431640625 3203.345703125 3182.444580078125 3168.231689453125 3151.849365234375 3143.444091796875 3134.896728515625 3121.365234375 3111.452880859375 3107.669189453125 3106.44580078125 3104.994384765625 3102.02001953125 3097.43701171875 3090.330810546875 3091.18896484375 3102.592529296875 3110.569091796875 3144.5009765625 3199.717041015625 3252.518798828125 3256.576171875 3217.7578125 3130.913330078125 3097.310546875 3067.98095703125 3032.9736328125 3012.8173828125 2983.64208984375 2962.790771484375 2952.9619140625 2936.90380859375 2922.1943359375 2895.60498046875 2868.759033203125 2853.992431640625
-3.4028230607370965251e+38 -3.4028230607370965251e+38 -3.4028230607370965251e+38 3303.330322265625 3287.92333984375 3282.1396484375 3264.61962890625 3259.789306640625 3243.928466796875 3225.67529296875 3214.0244140625 3191.527099609375 3179.39208984375 3166.84375 3158.3828125 3151.552001953125 3132.11962890625 3126.877197265625 3124.324462890625 3118.5771484375 3117.16064453125 3113.135986328125 3106.773193359375 3107.863037109375 3104.906494140625 3117.012939453125 3131.618896484375 3166.35498046875 3218.816650390625 3271.1943359375 3229.422119140625 3184.678955078125 3114.277099609375 3086.402587890625 3066.54931640625 3018.304443359375 3005.293701171875 2986.72314453125 2962.041259765625 2949.9052734375 2924.71533203125 2903.23193359375 2884.50732421875 2867.12646484375 2849.3408203125
-3.4028230607370965251e+38 -3.4028230607370965251e+38 -3.4028230607370965251e+38 3309.737548828125 3298.35546875 3290.935302734375 3276.36474609375 3266.689208984375 3254.2314453125 3237.051025390625 3222.033447265625 3204.79931640625 3194.025390625 3182.895751953125 3170.4541015625 3162.109375 3149.718505859375 3142.347900390625 3139.822509765625 3136.53759765625 3125.994873046875 3125.526611328125 3125.40966796875 3129.588134765625 3134.135009765625 3155.779541015625 3165.94580078125 3194.924072265625 3254.8681640625 3271.17724609375 3198.4453125 3138.987060546875 3101.38037109375 3074.12841796875 3049.975341796875 3019.5732421875 3002.658203125 2985.292236328125 2963.121337890625 2944.1455078125 2920.654052734375 2904.862060546875 2886.542236328125 2865.623779296875 2846.265869140625
